Provided by yucezhe.com. Please contact QQ:2023046319 or contact@yucezhe.com if you have any question.
candle_begin_time,open,high,low,close,volume
2017-10-08 00:00:00,0.58331,0.5878,0.5826,0.5878,678.126
2017-10-08 00:01:00,0.5870000000000001,0.5870000000000001,0.5870000000000001,0.5870000000000001,200.0
2017-10-08 00:02:00,0.58799,0.58799,0.5868899999999999,0.5868899999999999,100.0
2017-10-08 00:05:00,0.5876899999999999,0.5876899999999999,0.5876,0.5876,100.0
2017-10-08 00:06:00,0.5842,0.58878,0.5842,0.5878,2072.74486293
2017-10-08 00:09:00,0.5869,0.5869,0.5869,0.5869,3.88
2017-10-08 00:10:00,0.5869,0.5869,0.5869,0.5869,96.12
2017-10-08 00:11:00,0.5870000000000001,0.5870000000000001,0.584,0.5851,187.05899999999997
2017-10-08 00:13:00,0.58312,0.58511,0.58312,0.5851,199.99999999999994
2017-10-08 00:15:00,0.58599,0.586,0.58599,0.586,100.0
2017-10-08 00:16:00,0.586,0.5870000000000001,0.58599,0.5870000000000001,108.233503
2017-10-08 00:20:00,0.5875,0.58759,0.5870000000000001,0.5870000000000001,511.80423522
2017-10-08 00:21:00,0.58759,0.58759,0.58759,0.58759,10.0
2017-10-08 00:22:00,0.58901,0.5895,0.58759,0.5895,2310.87888006
2017-10-08 00:23:00,0.5895,0.58997,0.5895,0.58997,6218.49420404
2017-10-08 00:24:00,0.58997,0.59,0.58997,0.59,30.0
2017-10-08 00:25:00,0.58997,0.58997,0.5879,0.588,2736.36075274
2017-10-08 00:30:00,0.5875,0.5877,0.5875,0.5877,0.30000000000000004
2017-10-08 00:31:00,0.5892,0.5899,0.5878,0.5899,266.36066908
2017-10-08 00:32:00,0.5899,0.5899,0.5899,0.5899,210.07223479
2017-10-08 00:33:00,0.59,0.59,0.589,0.589,2153.1542019999997
2017-10-08 00:34:00,0.5879,0.5881,0.5844,0.5844,1052.6467121699998
2017-10-08 00:35:00,0.5882,0.5882,0.584,0.5854600000000001,3.6999999900000016
2017-10-08 00:36:00,0.5854600000000001,0.5854600000000001,0.5854600000000001,0.5854600000000001,5.899999999999995
2017-10-08 00:37:00,0.5854600000000001,0.58633,0.5854600000000001,0.58633,15.803780459999995
2017-10-08 00:38:00,0.58721,0.58721,0.58721,0.58721,5.4999999999999964
2017-10-08 00:39:00,0.58721,0.58721,0.58721,0.58721,5.999999999999995
2017-10-08 00:40:00,0.58721,0.58808,0.58721,0.58808,5.299999999999997
2017-10-08 00:41:00,0.58808,0.59,0.58808,0.58896,182.28422264999998
2017-10-08 00:43:00,0.5884,0.5894,0.5884,0.5894,0.30000000000000004
2017-10-08 00:44:00,0.5897,0.59,0.5897,0.59,61.099999999999994
2017-10-08 00:45:00,0.5897,0.5929,0.5897,0.59159,5300.85853557
2017-10-08 00:46:00,0.59058,0.59058,0.59058,0.59058,701.2860000000001
2017-10-08 00:47:00,0.5908,0.593,0.59058,0.59058,5100.0
2017-10-08 00:51:00,0.5915,0.5916,0.5913,0.5915199999999999,5782.52603791
2017-10-08 00:52:00,0.5916100000000001,0.595,0.5916100000000001,0.595,5413.591228850003
2017-10-08 00:53:00,0.595,0.59502,0.595,0.59502,2224.2709025
2017-10-08 00:54:00,0.59509,0.5957899999999999,0.59509,0.5957899999999999,2593.4549004899973
2017-10-08 00:55:00,0.5952,0.59601,0.5952,0.59601,12132.782382810008
2017-10-08 00:56:00,0.59601,0.599,0.59601,0.59623,12362.450260429998
2017-10-08 00:57:00,0.5993,0.6,0.59621,0.5998,34423.02738125
2017-10-08 00:58:00,0.5993,0.5993,0.597,0.5987,617.8258620000013
2017-10-08 00:59:00,0.5987,0.5987,0.59714,0.5987,10.6
2017-10-08 01:00:00,0.59826,0.59826,0.59744,0.59744,55.621582000000004
2017-10-08 01:02:00,0.5973,0.5973,0.5973,0.5973,2.8
2017-10-08 01:03:00,0.59715,0.5973,0.59715,0.5973,299.06694986
2017-10-08 01:04:00,0.59712,0.59826,0.597,0.59826,4086.0053319999997
2017-10-08 01:06:00,0.5965,0.5965,0.5965,0.5965,20.0
2017-10-08 01:07:00,0.5965,0.5965,0.59639,0.59639,60.0
2017-10-08 01:08:00,0.59639,0.59639,0.59639,0.59639,20.0
2017-10-08 01:10:00,0.59628,0.5965,0.59628,0.5965,1470.02487926
2017-10-08 01:11:00,0.5987,0.5999899999999999,0.5971,0.5975,5184.54802745
2017-10-08 01:12:00,0.59738,0.59738,0.59738,0.59738,9.76
2017-10-08 01:13:00,0.59738,0.59738,0.59738,0.59738,4.88
2017-10-08 01:14:00,0.59678,0.59688,0.59678,0.59688,882.62622905
2017-10-08 01:17:00,0.5968899999999999,0.5968899999999999,0.596,0.59611,1155.48484628
2017-10-08 01:18:00,0.5965,0.5974,0.596,0.596,17386.27914384
2017-10-08 01:20:00,0.5961,0.5961,0.5961,0.5961,0.1
2017-10-08 01:21:00,0.5962,0.5962,0.5962,0.5962,0.1
2017-10-08 01:22:00,0.5962,0.5962,0.5962,0.5962,1.6000000000000003
2017-10-08 01:23:00,0.5962,0.5962,0.5962,0.5962,4.4
2017-10-08 01:24:00,0.5962,0.5962,0.5962,0.5962,4.000000000000002
2017-10-08 01:25:00,0.5986,0.5986,0.5986,0.5986,1.5
2017-10-08 01:26:00,0.59828,0.59828,0.59828,0.59828,130.0
2017-10-08 01:28:00,0.59611,0.59611,0.59611,0.59611,2.31397297
2017-10-08 01:29:00,0.59827,0.59827,0.59827,0.59827,752.2020259999999
2017-10-08 01:30:00,0.59848,0.59848,0.59848,0.59848,1.435034
2017-10-08 01:32:00,0.59816,0.5988,0.59816,0.5987,1240.82846874
2017-10-08 01:33:00,0.5987,0.5996,0.5987,0.5988,7010.904746110001
2017-10-08 01:34:00,0.5989,0.6008899999999999,0.5989,0.6,3716.3468730700006
2017-10-08 01:35:00,0.5998,0.5998,0.5988,0.5988,83.04227695
2017-10-08 01:36:00,0.5963,0.5963,0.59629,0.59629,5764.10707137
2017-10-08 01:37:00,0.5961,0.5961,0.5961,0.5961,10208.62218845
2017-10-08 01:38:00,0.596,0.5962,0.5952,0.5962,10033.11572206
2017-10-08 01:39:00,0.5962,0.5962,0.5962,0.5962,170.94400000000002
2017-10-08 01:41:00,0.595,0.5952,0.5948899999999999,0.5948899999999999,1727.4746234699996
2017-10-08 01:42:00,0.59468,0.5949,0.5945,0.5949,4641.37617461
2017-10-08 01:43:00,0.59351,0.5949300000000001,0.5922,0.5922,500.0
2017-10-08 01:49:00,0.593,0.59587,0.593,0.59587,5317.92331009
2017-10-08 01:50:00,0.59322,0.59322,0.5925,0.5925,2000.0
2017-10-08 01:54:00,0.59331,0.59331,0.5933,0.5933,3007.88032141
2017-10-08 01:55:00,0.59301,0.59311,0.593,0.593,3965.2056674400005
2017-10-08 01:56:00,0.5937100000000001,0.5937100000000001,0.593,0.5931,8155.846893919999
2017-10-08 01:57:00,0.593,0.594,0.593,0.5938899999999999,9030.30006031
2017-10-08 01:58:00,0.5939,0.594,0.59388,0.594,4807.108043329999
2017-10-08 02:01:00,0.5943,0.5953,0.5943,0.5953,9.98692444
2017-10-08 02:02:00,0.5954,0.5958,0.5927899999999999,0.5927899999999999,2476.443007
2017-10-08 02:03:00,0.59283,0.59283,0.5926,0.5926,2700.31135268
2017-10-08 02:05:00,0.5926,0.5926,0.5926,0.5926,398.95556171
2017-10-08 02:08:00,0.5929,0.5929,0.5929,0.5929,23.0
2017-10-08 02:09:00,0.5942,0.5942,0.5942,0.5942,1535.4270000000001
2017-10-08 02:11:00,0.5949399999999999,0.59504,0.5949300000000001,0.59504,1825.9994749100001
2017-10-08 02:12:00,0.5950300000000001,0.59512,0.5950300000000001,0.59512,1039.37684566
2017-10-08 02:15:00,0.59512,0.59512,0.59512,0.59512,0.13
2017-10-08 02:16:00,0.595,0.595,0.595,0.595,13.42303614
2017-10-08 02:17:00,0.59512,0.59512,0.59512,0.59512,666.87
2017-10-08 02:18:00,0.5932,0.595,0.5932,0.595,772.23850053
2017-10-08 02:19:00,0.595,0.595,0.595,0.595,379.78621373
2017-10-08 02:20:00,0.595,0.59512,0.595,0.59512,6122.5362079999995
2017-10-08 02:21:00,0.5925,0.59272,0.5925,0.59272,1990.0
2017-10-08 02:22:00,0.594,0.594,0.594,0.594,1000.0
2017-10-08 02:25:00,0.5933,0.5948,0.5933,0.5948,1990.2525904999998
2017-10-08 02:26:00,0.5948,0.5949800000000001,0.5948,0.5949800000000001,749.1806211600001
2017-10-08 02:27:00,0.5939,0.594,0.5939,0.594,110.71119300000001
2017-10-08 02:28:00,0.5939,0.5939,0.5929,0.5929,417.27133799999996
2017-10-08 02:29:00,0.59251,0.59251,0.59251,0.59251,20.0
2017-10-08 02:30:00,0.59251,0.59251,0.5925,0.5925,672.3427741400001
2017-10-08 02:31:00,0.59511,0.59511,0.59511,0.59511,1000.0
2017-10-08 02:32:00,0.59512,0.5976,0.59512,0.5976,7386.32066803
2017-10-08 02:34:00,0.5967,0.5967,0.5967,0.5967,69.79173622
2017-10-08 02:36:00,0.59677,0.5971,0.59677,0.5971,4235.40898468
2017-10-08 02:37:00,0.5971,0.5975,0.59511,0.5975,410.00000000000006
2017-10-08 02:38:00,0.597,0.597,0.597,0.597,2532.6180500800006
2017-10-08 02:39:00,0.5972,0.5972,0.597,0.597,2177.75721777
2017-10-08 02:40:00,0.597,0.597,0.597,0.597,527.47297892
2017-10-08 02:41:00,0.59413,0.5972,0.59413,0.5972,580.077846
2017-10-08 02:42:00,0.59727,0.5975,0.5951,0.5975,1520.91202334
2017-10-08 02:43:00,0.5975,0.5975,0.59311,0.5971,887.4270275599999
2017-10-08 02:44:00,0.5973,0.5977,0.5971,0.5971,3075.3485061399997
2017-10-08 02:45:00,0.5971,0.5971,0.5971,0.5971,8.87e-06
2017-10-08 02:47:00,0.5964,0.5964,0.5964,0.5964,27.0
2017-10-08 02:50:00,0.5963,0.5965,0.5963,0.5963,339.0
2017-10-08 02:53:00,0.5944,0.5944,0.594,0.594,1200.0
2017-10-08 02:54:00,0.59331,0.59331,0.5933,0.5933,890.099
2017-10-08 02:56:00,0.5933,0.5933,0.59273,0.59273,2105.9878232
2017-10-08 02:57:00,0.5933,0.5933,0.5933,0.5933,115.55347048
2017-10-08 02:58:00,0.58926,0.5926100000000001,0.58926,0.5914,13840.31
2017-10-08 03:05:00,0.5918399999999999,0.5918399999999999,0.5918399999999999,0.5918399999999999,0.8353881
2017-10-08 03:07:00,0.59036,0.59124,0.5898899999999999,0.5898899999999999,2671.0796949600003
2017-10-08 03:09:00,0.5928899999999999,0.593,0.5927,0.5927,244.439351
2017-10-08 03:10:00,0.5931,0.5931,0.5931,0.5931,2.0
2017-10-08 03:13:00,0.591,0.591,0.591,0.591,361.8152
2017-10-08 03:14:00,0.591,0.591,0.591,0.591,338.1848
2017-10-08 03:16:00,0.591,0.591,0.591,0.591,336.554725
2017-10-08 03:21:00,0.5905,0.5905,0.5905,0.5905,231.417806
2017-10-08 03:28:00,0.59,0.59,0.59,0.59,0.7
2017-10-08 03:35:00,0.59,0.59,0.59,0.59,16.5
2017-10-08 03:39:00,0.59,0.59,0.59,0.59,160.0
2017-10-08 03:42:00,0.588,0.5906,0.588,0.5894699999999999,999.9999999999999
2017-10-08 03:43:00,0.588,0.5881,0.588,0.5881,1000.0
2017-10-08 03:44:00,0.5901,0.5901,0.5901,0.5901,1.0
2017-10-08 03:46:00,0.588,0.5895,0.588,0.5895,1263.46081922
2017-10-08 03:51:00,0.5907,0.5907,0.5907,0.5907,0.17
2017-10-08 03:54:00,0.59087,0.59087,0.59087,0.59087,80.0
2017-10-08 03:55:00,0.59087,0.59087,0.59,0.59,110.98869
2017-10-08 03:57:00,0.59,0.59,0.59,0.59,44.0
2017-10-08 03:59:00,0.59,0.59,0.59,0.59,500.0
2017-10-08 04:01:00,0.58915,0.58915,0.58915,0.58915,1.15942357
2017-10-08 04:02:00,0.5907,0.5907,0.5907,0.5907,67.54104142
2017-10-08 04:10:00,0.59048,0.59048,0.59048,0.59048,11.0
2017-10-08 04:15:00,0.5891,0.5891,0.589,0.589,152.0
2017-10-08 04:16:00,0.589,0.589,0.5883,0.5883,108.840576
2017-10-08 04:17:00,0.5881,0.5881,0.5876899999999999,0.5876899999999999,658.2153276999999
2017-10-08 04:21:00,0.5874,0.5874,0.5870000000000001,0.5870000000000001,9640.62723207
2017-10-08 04:22:00,0.5868,0.5868,0.5866600000000001,0.5866600000000001,2985.29637867
2017-10-08 04:23:00,0.5868,0.5868,0.5868,0.5868,61.87778422
2017-10-08 04:24:00,0.5868,0.5868,0.5868,0.5868,822.5687452999999
2017-10-08 04:25:00,0.5866600000000001,0.5870000000000001,0.5866600000000001,0.5870000000000001,2001.599999999999
2017-10-08 04:26:00,0.5870000000000001,0.5870000000000001,0.5866600000000001,0.5868,6058.150308540004
2017-10-08 04:27:00,0.5870000000000001,0.5870000000000001,0.5866600000000001,0.5869,1534.8424877799998
2017-10-08 04:28:00,0.5867,0.5867,0.5867,0.5867,0.040836000000000004
2017-10-08 04:29:00,0.5863,0.5867,0.5863,0.5866600000000001,1000.0
2017-10-08 04:30:00,0.5863,0.5863,0.5863,0.5863,2756.47778
2017-10-08 04:31:00,0.5863,0.5863,0.58621,0.58621,1398.5934315900001
2017-10-08 04:32:00,0.5861,0.5861,0.5861,0.5861,426.244
2017-10-08 04:34:00,0.58621,0.58621,0.58592,0.58592,24.513621
2017-10-08 04:35:00,0.5866899999999999,0.5866899999999999,0.5864,0.5864,38.77465725000001
2017-10-08 04:36:00,0.5864,0.5866899999999999,0.58592,0.5864,33.91563605
2017-10-08 04:37:00,0.58562,0.58562,0.58562,0.58562,18.50715293
2017-10-08 04:38:00,0.58562,0.58562,0.58503,0.58503,48.3796464
2017-10-08 04:39:00,0.585,0.58568,0.58298,0.58298,865.6362844600002
2017-10-08 04:40:00,0.5826899999999999,0.5826899999999999,0.58268,0.58268,44.38608882
2017-10-08 04:42:00,0.58239,0.58239,0.58232,0.58232,48.1954944
2017-10-08 04:43:00,0.58219,0.58219,0.5820000000000001,0.5821,3517.2249885599995
2017-10-08 04:44:00,0.5820000000000001,0.5820000000000001,0.5820000000000001,0.5820000000000001,1569.5918288500002
2017-10-08 04:46:00,0.58181,0.58181,0.58181,0.58181,19.36576085
2017-10-08 04:47:00,0.5815100000000001,0.5815100000000001,0.58111,0.58111,8123.819573649999
2017-10-08 04:48:00,0.58202,0.58202,0.58111,0.58111,501.94295800000003
2017-10-08 04:50:00,0.5812,0.5816899999999999,0.5812,0.5816899999999999,364.98740389
2017-10-08 04:52:00,0.58111,0.5816899999999999,0.58111,0.5816899999999999,468.939472
2017-10-08 04:54:00,0.5816899999999999,0.5816899999999999,0.5812,0.5812,628.09923468
2017-10-08 04:55:00,0.58111,0.58111,0.58111,0.58111,338.25300000000004
2017-10-08 04:56:00,0.58111,0.58111,0.58111,0.58111,585.629
2017-10-08 04:58:00,0.58208,0.5823,0.58111,0.5823,7894.554789000001
2017-10-08 04:59:00,0.5823,0.5823,0.5823,0.5823,2.996955
2017-10-08 05:00:00,0.58218,0.58218,0.5812,0.58218,980.25371
2017-10-08 05:01:00,0.5811,0.5819,0.5809300000000001,0.5819,4270.10867863
2017-10-08 05:02:00,0.5823,0.5823,0.58103,0.5823,40.70243447000001
2017-10-08 05:03:00,0.5823,0.5823,0.5823,0.5823,1.5000000000000002
2017-10-08 05:04:00,0.5823,0.5823,0.5809300000000001,0.5809300000000001,19.72582069
2017-10-08 05:05:00,0.5807399999999999,0.5807399999999999,0.5806,0.5806399999999999,240.262425
2017-10-08 05:06:00,0.5806,0.5806,0.5806,0.5806,1099.2233429
2017-10-08 05:07:00,0.5823,0.5823,0.5823,0.5823,10.0
2017-10-08 05:08:00,0.5823,0.58249,0.58219,0.58249,2000.4729385599996
2017-10-08 05:09:00,0.58249,0.5825,0.5823,0.5825,0.9999999999999999
2017-10-08 05:10:00,0.58249,0.5825,0.5823,0.5823,1580.02571642
2017-10-08 05:11:00,0.5825,0.5825,0.5806,0.5807,4228.957624000001
2017-10-08 05:12:00,0.5825199999999999,0.58286,0.5825199999999999,0.58281,987.45790102
2017-10-08 05:13:00,0.58281,0.58296,0.58281,0.58281,781.2012215899999
2017-10-08 05:14:00,0.5829,0.5829,0.5829,0.5829,1.197932
2017-10-08 05:15:00,0.58221,0.58221,0.5821,0.5821,3971.81405896
2017-10-08 05:16:00,0.5821,0.5821,0.5821,0.5821,1000.211456
2017-10-08 05:22:00,0.5831,0.5831,0.5831,0.5831,100.0
2017-10-08 05:23:00,0.5833,0.58345,0.5831,0.58335,6519.164977459999
2017-10-08 05:25:00,0.58345,0.58345,0.58345,0.58345,2.5391709999999996
2017-10-08 05:26:00,0.5837899999999999,0.58521,0.58345,0.5845,2000.0
2017-10-08 05:28:00,0.58521,0.58521,0.58521,0.58521,2.658011
2017-10-08 05:30:00,0.584,0.584,0.5820000000000001,0.5820000000000001,2232.41160799
2017-10-08 05:34:00,0.5822,0.5822,0.5822,0.5822,20.0
2017-10-08 05:41:00,0.5843,0.5843,0.5843,0.5843,0.172
2017-10-08 05:43:00,0.5845,0.5845,0.5806,0.5807,7661.17490561
2017-10-08 05:45:00,0.58005,0.5825,0.58,0.58249,5169.37804376
2017-10-08 05:51:00,0.584,0.584,0.584,0.584,26.464298
2017-10-08 05:52:00,0.5843,0.5843,0.5843,0.5843,0.01001
2017-10-08 05:53:00,0.584,0.584,0.584,0.584,0.17
2017-10-08 05:56:00,0.581,0.5813,0.581,0.5813,0.02
2017-10-08 06:00:00,0.581,0.5813,0.58,0.58,7364.0060435
2017-10-08 06:01:00,0.5799,0.5799,0.5796,0.57976,3685.9024901599996
2017-10-08 06:02:00,0.5796,0.5796,0.5796,0.5796,2145.0
2017-10-08 06:03:00,0.5796100000000001,0.5797,0.5796100000000001,0.5796100000000001,236.14137499999998
2017-10-08 06:04:00,0.5796100000000001,0.5798,0.57918,0.5796,7340.645690699999
2017-10-08 06:05:00,0.5796899999999999,0.5797399999999999,0.57917,0.5796,2774.40370385
2017-10-08 06:06:00,0.579,0.5791,0.579,0.5791,2.0
2017-10-08 06:09:00,0.578,0.5789,0.578,0.578,303.22729000000004
2017-10-08 06:10:00,0.5789,0.5789,0.5777,0.5777,3338.8842139999997
2017-10-08 06:11:00,0.57857,0.57857,0.57857,0.57857,73.2659
2017-10-08 06:12:00,0.5777,0.5777,0.5770000000000001,0.5772,1664.89702314
2017-10-08 06:13:00,0.57895,0.57895,0.5783,0.5787,170.0
2017-10-08 06:14:00,0.57895,0.57895,0.575,0.575,8434.14649773
2017-10-08 06:15:00,0.5765,0.5765,0.5765,0.5765,79.99713305
2017-10-08 06:16:00,0.5766,0.5774699999999999,0.5766,0.57712,5786.60301
2017-10-08 06:17:00,0.57757,0.57798,0.5765899999999999,0.5765899999999999,552.16010972
2017-10-08 06:18:00,0.5765,0.5767,0.575,0.5767,2786.0646114200003
2017-10-08 06:20:00,0.5770000000000001,0.5770000000000001,0.5770000000000001,0.5770000000000001,757.942
2017-10-08 06:21:00,0.5773,0.5773,0.5768,0.5768,0.9999999999999999
2017-10-08 06:25:00,0.5784,0.5784,0.5784,0.5784,1.01001
2017-10-08 06:26:00,0.5784,0.5784,0.5784,0.5784,236.893562
2017-10-08 06:27:00,0.57881,0.579,0.5786,0.579,7971.912351090001
2017-10-08 06:28:00,0.579,0.579,0.579,0.579,1292.433414
2017-10-08 06:29:00,0.578,0.5792,0.578,0.5787,0.10999999999999999
2017-10-08 06:30:00,0.5789,0.57972,0.5789,0.5789,436.05160600000005
2017-10-08 06:31:00,0.5785,0.5785,0.5785,0.5785,100.0
2017-10-08 06:32:00,0.5774,0.5774,0.5774,0.5774,110.782508
2017-10-08 06:36:00,0.5786,0.5786,0.5783,0.5783,52.02110570000001
2017-10-08 06:37:00,0.5782,0.5782,0.5781,0.5782,432.113
2017-10-08 06:38:00,0.5782,0.5783,0.5782,0.5783,100.14014
2017-10-08 06:39:00,0.5782,0.5782,0.5782,0.5782,70.0
2017-10-08 06:41:00,0.5783,0.5783,0.578,0.5782,6000.01001
2017-10-08 06:42:00,0.5775,0.5775,0.5775,0.5775,1052.0
2017-10-08 06:45:00,0.5781,0.5782,0.5781,0.5781,58.02382882
2017-10-08 06:46:00,0.5782,0.5783,0.5782,0.5783,3648.3456367500003
2017-10-08 06:47:00,0.57803,0.5781,0.57803,0.57803,139.570627
2017-10-08 06:50:00,0.58,0.58018,0.5792,0.5792,434.31293000000005
2017-10-08 06:51:00,0.58018,0.58018,0.5774,0.5776,2685.98220432
2017-10-08 06:54:00,0.5776,0.5795899999999999,0.575,0.57519,9868.50921354
2017-10-08 06:55:00,0.579,0.579,0.575,0.575,4697.90578649
2017-10-08 06:56:00,0.5751,0.57567,0.57443,0.57453,5887.54997057
2017-10-08 06:57:00,0.5755100000000001,0.57606,0.5755100000000001,0.57567,239.30111273000003
2017-10-08 07:00:00,0.57492,0.57492,0.57492,0.57492,16.724995590000002
2017-10-08 07:01:00,0.5752,0.57901,0.575,0.57901,1357.83404786
2017-10-08 07:02:00,0.5791,0.5792,0.57901,0.5792,190.261887
2017-10-08 07:03:00,0.57916,0.57916,0.57916,0.57916,40.0
2017-10-08 07:04:00,0.5792,0.58,0.5792,0.5796,2300.0000050000003
2017-10-08 07:05:00,0.58,0.5804,0.58,0.5804,1000.0
2017-10-08 07:06:00,0.5804,0.5804,0.5804,0.5804,179.8648144
2017-10-08 07:07:00,0.58081,0.581,0.5806899999999999,0.581,361.802694
2017-10-08 07:08:00,0.58116,0.5812,0.581,0.581,1051.296681
2017-10-08 07:09:00,0.581,0.581,0.581,0.581,45.0
2017-10-08 07:10:00,0.581,0.58116,0.581,0.58116,301275.29744263
2017-10-08 07:11:00,0.5811,0.5811,0.58106,0.5811,259709.11
2017-10-08 07:12:00,0.5811,0.58213,0.5811,0.58206,10329.02649497
2017-10-08 07:13:00,0.58213,0.58221,0.58213,0.58213,230.01
2017-10-08 07:14:00,0.58221,0.58221,0.58221,0.58221,759.29
2017-10-08 07:15:00,0.58221,0.58238,0.58221,0.58238,980.0
2017-10-08 07:16:00,0.5821,0.58238,0.5821,0.58238,7.7
2017-10-08 07:18:00,0.58238,0.58238,0.58238,0.58238,4.2299999999999995
2017-10-08 07:19:00,0.5823699999999999,0.5823699999999999,0.581,0.5820000000000001,120.79087999999999
2017-10-08 07:20:00,0.5818,0.5818,0.5818,0.5818,1003.88
2017-10-08 07:21:00,0.5818,0.5818,0.5818,0.5818,1000.0
2017-10-08 07:23:00,0.5818,0.5818,0.5818,0.5818,16.0
2017-10-08 07:24:00,0.5818,0.5818,0.5818,0.5818,1.0
2017-10-08 07:28:00,0.5818,0.5818,0.5818,0.5818,100.0
2017-10-08 07:31:00,0.58041,0.581,0.58021,0.58021,200.0
2017-10-08 07:34:00,0.5818,0.5818,0.5818,0.5818,100.0
2017-10-08 07:37:00,0.5817899999999999,0.5817899999999999,0.5817899999999999,0.5817899999999999,183.12218414
2017-10-08 07:39:00,0.5817899999999999,0.5817899999999999,0.5817899999999999,0.5817899999999999,471.77954877
2017-10-08 07:43:00,0.5818,0.5818,0.5818,0.5818,513.0
2017-10-08 07:44:00,0.5805,0.5805,0.5805,0.5805,0.9999999999999999
2017-10-08 07:45:00,0.5818,0.5818,0.5805,0.5818,87.75390892
2017-10-08 07:46:00,0.5818,0.5818,0.5818,0.5818,50.0
2017-10-08 07:50:00,0.5806100000000001,0.5806100000000001,0.5805,0.5806,1969.018
2017-10-08 07:52:00,0.5818,0.5818,0.5818,0.5818,1001.0
2017-10-08 07:54:00,0.5818,0.5818,0.5818,0.5818,125.98402
2017-10-08 07:55:00,0.5818,0.5818,0.5818,0.5818,62.99201
2017-10-08 07:57:00,0.58012,0.5805,0.58,0.58,829.7969279999999
2017-10-08 07:58:00,0.5812,0.5812,0.5812,0.5812,20.0
2017-10-08 08:00:00,0.58045,0.58045,0.58045,0.58045,582.37340558
2017-10-08 08:02:00,0.58045,0.58045,0.58045,0.58045,277.12774
2017-10-08 08:03:00,0.5809,0.58103,0.5809,0.58103,3562.36611217
2017-10-08 08:04:00,0.5818,0.5818,0.5816100000000001,0.5818,22760.606414159993
2017-10-08 08:05:00,0.5817899999999999,0.5817899999999999,0.5817899999999999,0.5817899999999999,67.819
2017-10-08 08:06:00,0.58045,0.58045,0.58,0.58,633.707
2017-10-08 08:07:00,0.58178,0.58178,0.58178,0.58178,0.172
2017-10-08 08:10:00,0.58,0.58,0.58,0.58,363.0
2017-10-08 08:11:00,0.5817,0.5817,0.5817,0.5817,300.0
2017-10-08 08:16:00,0.5801,0.5801,0.58,0.58,39.542063999999996
2017-10-08 08:17:00,0.5813,0.58149,0.579,0.5814,4711.784378779998
2017-10-08 08:18:00,0.58149,0.5818,0.5791,0.5812,350.0
2017-10-08 08:19:00,0.5818,0.5818,0.5816899999999999,0.5816899999999999,40.0
2017-10-08 08:21:00,0.5811,0.5811,0.581,0.581,4495.17255896
2017-10-08 08:22:00,0.581,0.581,0.581,0.581,5516.093988999999
2017-10-08 08:23:00,0.5811,0.5811,0.5811,0.5811,222.58154376
2017-10-08 08:25:00,0.581,0.581,0.581,0.581,1795.0
2017-10-08 08:26:00,0.5818,0.5818,0.5818,0.5818,100.0
2017-10-08 08:29:00,0.581,0.581,0.581,0.581,103.0
2017-10-08 08:30:00,0.581,0.581,0.581,0.581,10.0
2017-10-08 08:33:00,0.581,0.581,0.581,0.581,6.0
2017-10-08 08:34:00,0.581,0.581,0.581,0.581,1024.85372847
2017-10-08 08:35:00,0.581,0.581,0.581,0.581,100.00237
2017-10-08 08:37:00,0.5818,0.5818,0.58101,0.58101,39.47054000000001
2017-10-08 08:38:00,0.581,0.58101,0.581,0.58101,2000.0
2017-10-08 08:41:00,0.5811,0.5811,0.581,0.5811,2229.68511132
2017-10-08 08:45:00,0.581,0.581,0.581,0.581,714.3792090100001
2017-10-08 08:47:00,0.581,0.581,0.581,0.581,28.30098147
2017-10-08 08:50:00,0.5811,0.5811,0.581,0.581,4478.47984993
2017-10-08 08:51:00,0.581,0.581,0.581,0.581,4853.2755357
2017-10-08 08:52:00,0.5816,0.5816,0.5816,0.5816,318.600755
2017-10-08 08:55:00,0.581,0.581,0.581,0.581,1000.0
2017-10-08 08:57:00,0.581,0.581,0.581,0.581,1291.11754059
2017-10-08 08:58:00,0.58,0.58,0.58,0.58,514.7669530000001
2017-10-08 09:00:00,0.58,0.5802,0.579,0.5802,2137.30196623
2017-10-08 09:01:00,0.5781,0.5781,0.5781,0.5781,62.146749
2017-10-08 09:05:00,0.57957,0.58073,0.57957,0.58073,180.0
2017-10-08 09:12:00,0.58,0.58,0.58,0.58,11.0
2017-10-08 09:19:00,0.578,0.5781,0.5777,0.5777,2530.465563
2017-10-08 09:21:00,0.58,0.58,0.58,0.58,0.17300000000000001
2017-10-08 09:30:00,0.57781,0.57815,0.57781,0.57781,3100.0000000000005
2017-10-08 09:35:00,0.5777100000000001,0.5777100000000001,0.5777,0.5777,3665.15940938
2017-10-08 09:39:00,0.5798800000000001,0.5798800000000001,0.5798800000000001,0.5798800000000001,23.03577047
2017-10-08 09:40:00,0.5798800000000001,0.5798800000000001,0.5798800000000001,0.5798800000000001,72.397942
2017-10-08 09:43:00,0.5798800000000001,0.5802,0.5798800000000001,0.5802,914.56628753
2017-10-08 09:47:00,0.58062,0.58062,0.58062,0.58062,999.9652935899999
2017-10-08 09:49:00,0.58,0.58062,0.5799,0.58,1442.07188995
2017-10-08 09:50:00,0.57989,0.57989,0.57989,0.57989,1.0
2017-10-08 09:54:00,0.57991,0.57991,0.5799,0.5799,540.0
2017-10-08 09:56:00,0.58,0.58,0.58,0.58,57.88355
2017-10-08 09:59:00,0.5818,0.5818,0.5801,0.58175,5200.0
2017-10-08 10:00:00,0.58177,0.58177,0.58177,0.58177,20.0
2017-10-08 10:01:00,0.58153,0.58154,0.58153,0.58154,325.0
2017-10-08 10:03:00,0.57811,0.5798,0.57811,0.5798,67.60931636000001
2017-10-08 10:04:00,0.58153,0.58153,0.58153,0.58153,192.18073
2017-10-08 10:10:00,0.58154,0.58154,0.58154,0.58154,100.0
2017-10-08 10:11:00,0.58178,0.58178,0.5816399999999999,0.5816399999999999,25.0
2017-10-08 10:12:00,0.57912,0.5816,0.57912,0.5814,1375.95354
2017-10-08 10:14:00,0.58177,0.5818,0.58177,0.5818,979.9999999999999
2017-10-08 10:19:00,0.5816,0.5816,0.5792,0.5792,775.541643
2017-10-08 10:20:00,0.5818,0.5818,0.5818,0.5818,26.996505
2017-10-08 10:24:00,0.5794100000000001,0.5794100000000001,0.5794100000000001,0.5794100000000001,1.24486652
2017-10-08 10:26:00,0.5794199999999999,0.57945,0.5794199999999999,0.57945,78.63800067000001
2017-10-08 10:27:00,0.5794100000000001,0.58021,0.5794100000000001,0.5802,1357.0728790100002
2017-10-08 10:28:00,0.5818,0.5818,0.5818,0.5818,40.0
2017-10-08 10:30:00,0.5818,0.5818,0.5818,0.5818,788.306849
2017-10-08 10:32:00,0.58021,0.58021,0.5802,0.5802,620.0
2017-10-08 10:34:00,0.58178,0.58178,0.58178,0.58178,0.172
2017-10-08 10:35:00,0.5818,0.5818,0.5818,0.5818,41862.0
2017-10-08 10:36:00,0.5818,0.5818,0.5802,0.5818,21176.576514870005
2017-10-08 10:37:00,0.5806,0.5818,0.5806,0.5806,2701.04785537
2017-10-08 10:38:00,0.5802,0.5802,0.5802,0.5802,0.88027674
2017-10-08 10:39:00,0.5805,0.5805,0.5805,0.5805,345.16237
2017-10-08 10:42:00,0.5805,0.58063,0.58012,0.5806,3596.3999999999996
2017-10-08 10:44:00,0.58176,0.58176,0.58176,0.58176,184.0
2017-10-08 10:48:00,0.5802,0.5802,0.5802,0.5802,243.07945645
2017-10-08 10:52:00,0.58178,0.5818,0.58178,0.5818,219.0
2017-10-08 10:53:00,0.5818,0.5818,0.5818,0.5818,691.66688666
2017-10-08 10:57:00,0.5818,0.5818,0.5818,0.5818,492.32941731
2017-10-08 10:58:00,0.5818,0.5818,0.5818,0.5818,646.54547951
2017-10-08 11:00:00,0.5818,0.5818,0.5818,0.5818,161.15550243
2017-10-08 11:01:00,0.5818,0.5818,0.5818,0.5818,4995.80711908
2017-10-08 11:04:00,0.5818,0.58238,0.5818,0.58238,1339.1569223
2017-10-08 11:06:00,0.58238,0.5826,0.5822,0.5822,1097.67559392
2017-10-08 11:07:00,0.58257,0.58267,0.58257,0.58267,1312.80181641
2017-10-08 11:08:00,0.5826,0.58267,0.5826,0.58267,406.24399144
2017-10-08 11:09:00,0.58267,0.58267,0.58267,0.58267,137.631071
2017-10-08 11:12:00,0.58267,0.58267,0.58267,0.58267,630.3337650000001
2017-10-08 11:14:00,0.5828399999999999,0.58301,0.5828399999999999,0.58301,1229.9999999999998
2017-10-08 11:15:00,0.58301,0.5831,0.5827,0.5828,2288.43294597
2017-10-08 11:16:00,0.5832,0.5832,0.5832,0.5832,730.445247
2017-10-08 11:17:00,0.5832,0.5832,0.5832,0.5832,180.790445
2017-10-08 11:18:00,0.58443,0.5848,0.5832,0.58454,12210.501908
2017-10-08 11:19:00,0.5842,0.5848,0.5838,0.5848,808.06964105
2017-10-08 11:20:00,0.5847,0.5847,0.5847,0.5847,1.644167
2017-10-08 11:21:00,0.58518,0.5852,0.5848,0.5848899999999999,9276.04906248
2017-10-08 11:23:00,0.58494,0.58494,0.5849300000000001,0.5849300000000001,7.889501
2017-10-08 11:24:00,0.5815,0.5848,0.58,0.58467,56421.9681228
2017-10-08 11:25:00,0.5806,0.5806,0.5805,0.5805,1200.0
2017-10-08 11:26:00,0.581,0.5813,0.581,0.581,3968.4266913399997
2017-10-08 11:27:00,0.57944,0.5857,0.579,0.57928,22735.006661
2017-10-08 11:28:00,0.5795600000000001,0.5823,0.579,0.5823,4850.379734769999
2017-10-08 11:29:00,0.57896,0.58034,0.57896,0.58034,2603.3214093300003
2017-10-08 11:30:00,0.57989,0.57989,0.5797899999999999,0.57989,1002.27292
2017-10-08 11:31:00,0.5807,0.5807,0.5799,0.5799,10721.563725
2017-10-08 11:33:00,0.579,0.57909,0.579,0.57909,365.2
2017-10-08 11:34:00,0.5784699999999999,0.579,0.578,0.578,13463.449908589999
2017-10-08 11:37:00,0.57811,0.57811,0.57811,0.57811,634.70919477
2017-10-08 11:39:00,0.5781,0.5781,0.5781,0.5781,637.112772
2017-10-08 11:40:00,0.578,0.578,0.578,0.578,9.07917
2017-10-08 11:41:00,0.5789300000000001,0.57916,0.57881,0.5789,1858.99683166
2017-10-08 11:43:00,0.5789,0.5789,0.5789,0.5789,0.00316834
2017-10-08 11:45:00,0.578,0.57952,0.57749,0.57952,3642.73080484
2017-10-08 11:47:00,0.5771,0.5795100000000001,0.5771,0.5795100000000001,793.083
2017-10-08 11:48:00,0.5771,0.5775,0.5771,0.5772,1998.0
2017-10-08 11:49:00,0.57712,0.5792,0.57712,0.57918,507.75977803000006
2017-10-08 11:50:00,0.5795100000000001,0.5795100000000001,0.5788800000000001,0.579,0.30000000000000004
2017-10-08 11:51:00,0.5788800000000001,0.5789300000000001,0.5788800000000001,0.5789300000000001,100.1
2017-10-08 11:52:00,0.5789300000000001,0.57911,0.5788,0.57911,0.5
2017-10-08 11:53:00,0.5771,0.5789,0.5771,0.5789,200.1
2017-10-08 11:54:00,0.5791,0.5791,0.5783,0.5783,86.41468857999999
2017-10-08 11:55:00,0.57909,0.57909,0.5770000000000001,0.5788,7415.224393580001
2017-10-08 11:56:00,0.57809,0.57809,0.57809,0.57809,0.1
2017-10-08 11:57:00,0.57797,0.57797,0.57797,0.57797,0.30000000000000004
2017-10-08 11:59:00,0.57755,0.57755,0.57755,0.57755,25.0
2017-10-08 12:00:00,0.57858,0.57858,0.57858,0.57858,0.24566963
2017-10-08 12:01:00,0.5771,0.5771,0.57701,0.57701,119.73877900000001
2017-10-08 12:02:00,0.5770000000000001,0.5770000000000001,0.57655,0.57655,17336.016395540002
2017-10-08 12:03:00,0.57557,0.5760000000000001,0.574,0.57457,4054.5291675999997
2017-10-08 12:04:00,0.5748300000000001,0.5748300000000001,0.57413,0.57413,4342.403621869999
2017-10-08 12:05:00,0.57502,0.57502,0.57421,0.57421,434.935512
2017-10-08 12:06:00,0.57514,0.5754,0.57502,0.57502,807.532
2017-10-08 12:07:00,0.5749,0.5749,0.5747800000000001,0.5747800000000001,29.007617
2017-10-08 12:09:00,0.57522,0.57522,0.5751,0.5752,145.90842466
2017-10-08 12:11:00,0.57528,0.578,0.57528,0.57589,10014.22975051
2017-10-08 12:12:00,0.57801,0.57828,0.57801,0.57828,1221.0
2017-10-08 12:13:00,0.57852,0.57986,0.57828,0.57957,6823.176018040001
2017-10-08 12:14:00,0.58,0.58,0.58,0.58,3705.17287352
2017-10-08 12:15:00,0.58091,0.58131,0.5801,0.58131,5620.28792202
2017-10-08 12:18:00,0.58131,0.58131,0.58131,0.58131,24.501106
2017-10-08 12:20:00,0.58131,0.58131,0.58131,0.58131,209.75927000000001
2017-10-08 12:21:00,0.58131,0.58131,0.58131,0.58131,922.175
2017-10-08 12:24:00,0.58131,0.5814,0.58131,0.5814,3565.488
2017-10-08 12:26:00,0.58177,0.58177,0.5814600000000001,0.5814600000000001,145.894136
2017-10-08 12:28:00,0.58177,0.5820000000000001,0.58177,0.5819,4003.1265293999995
2017-10-08 12:29:00,0.5820000000000001,0.5820000000000001,0.5820000000000001,0.5820000000000001,10.0
2017-10-08 12:30:00,0.58203,0.58203,0.5820000000000001,0.5820000000000001,46.131663
2017-10-08 12:31:00,0.5820000000000001,0.5820000000000001,0.5820000000000001,0.5820000000000001,40.0
2017-10-08 12:33:00,0.58177,0.58177,0.581,0.58177,5466.459291
2017-10-08 12:37:00,0.581,0.581,0.581,0.581,206.9671
2017-10-08 12:38:00,0.5811,0.58111,0.58089,0.58089,4567.74742859
2017-10-08 12:39:00,0.5806,0.5806,0.5784199999999999,0.5784199999999999,2017.217702
2017-10-08 12:40:00,0.57845,0.5786399999999999,0.5781,0.5781,1159.75132517
2017-10-08 12:41:00,0.5784,0.5784,0.5781,0.5781,8153.195065
2017-10-08 12:42:00,0.5783,0.5783,0.578,0.578,17982.38512066
2017-10-08 12:43:00,0.578,0.578,0.578,0.578,15840.945949930006
2017-10-08 12:44:00,0.578,0.578,0.578,0.578,4386.20829339
2017-10-08 12:46:00,0.578,0.578,0.578,0.578,4294.60477168
2017-10-08 12:48:00,0.578,0.578,0.578,0.578,1709.06360946
2017-10-08 12:49:00,0.5781,0.5781,0.5781,0.5781,20.0
2017-10-08 12:50:00,0.58009,0.5809,0.5781,0.5795899999999999,300.4999999999998
2017-10-08 12:51:00,0.5781,0.5781,0.5781,0.5781,0.2
2017-10-08 12:52:00,0.5786,0.5794,0.5782,0.5789,60.969829100000034
2017-10-08 12:55:00,0.5781,0.58019,0.5781,0.5795,671.7597290000006
2017-10-08 12:56:00,0.5781,0.58,0.5781,0.58,3877.1642821200003
2017-10-08 12:57:00,0.5781,0.58,0.578,0.578,1182.405546
2017-10-08 12:58:00,0.5783,0.5788,0.5781,0.5787,1.7999999999999998
2017-10-08 12:59:00,0.5789,0.5797,0.5789,0.5797,1.7999999999999998
2017-10-08 13:00:00,0.57904,0.5799,0.578,0.5781,2173.0676716899998
2017-10-08 13:01:00,0.5802,0.5802,0.5802,0.5802,0.172
2017-10-08 13:02:00,0.5808,0.581,0.5801,0.5805,1000.0
2017-10-08 13:03:00,0.57999,0.5805,0.5799,0.5805,10000.0
2017-10-08 13:05:00,0.5806899999999999,0.5806899999999999,0.5785,0.5787,1.1
2017-10-08 13:11:00,0.5797800000000001,0.5797800000000001,0.5797800000000001,0.5797800000000001,1.0
2017-10-08 13:12:00,0.57972,0.57972,0.57972,0.57972,1.0
2017-10-08 13:14:00,0.5794199999999999,0.5794199999999999,0.5794199999999999,0.5794199999999999,0.00077423
2017-10-08 13:16:00,0.579,0.579,0.579,0.579,53.44461172
2017-10-08 13:18:00,0.5793,0.5793,0.5793,0.5793,40.0
2017-10-08 13:19:00,0.58008,0.58029,0.58008,0.58029,5017.85050031
2017-10-08 13:21:00,0.5804,0.5804,0.5804,0.5804,100.0
2017-10-08 13:22:00,0.581,0.5820000000000001,0.5805,0.5820000000000001,14135.80627681
2017-10-08 13:23:00,0.58202,0.58225,0.5805100000000001,0.5820000000000001,8624.157220919999
2017-10-08 13:24:00,0.5826100000000001,0.58275,0.58225,0.58225,7645.923414729999
2017-10-08 13:25:00,0.5805100000000001,0.5806,0.5804,0.5804,7167.537
2017-10-08 13:26:00,0.5820000000000001,0.5820000000000001,0.58,0.58,28052.40910575
2017-10-08 13:28:00,0.5795,0.58106,0.5795,0.5795,942.75947184
2017-10-08 13:29:00,0.5809300000000001,0.5820000000000001,0.5795100000000001,0.5819,6816.368481410002
2017-10-08 13:30:00,0.57982,0.57982,0.57976,0.57982,99.50403
2017-10-08 13:31:00,0.58194,0.58194,0.58194,0.58194,24.104394
2017-10-08 13:32:00,0.5816899999999999,0.5816899999999999,0.5816899999999999,0.5816899999999999,555.0
2017-10-08 13:34:00,0.5818,0.5818,0.5818,0.5818,60.53855648
2017-10-08 13:35:00,0.5819,0.5819,0.5819,0.5819,30.56912768
2017-10-08 13:36:00,0.5819,0.5819,0.5818,0.5818,1697.17002614
2017-10-08 13:37:00,0.5819,0.5822,0.5819,0.5821,37.0
2017-10-08 13:38:00,0.5828,0.5828,0.5827,0.5827,1765.686053
2017-10-08 13:39:00,0.5827,0.5827899999999999,0.5827,0.58275,1540.10938963
2017-10-08 13:40:00,0.58275,0.58281,0.5827,0.5827,9208.54928929
2017-10-08 13:41:00,0.5828800000000001,0.5828800000000001,0.5823,0.5823,199.89061930000003
2017-10-08 13:42:00,0.5822,0.58413,0.5821,0.5821,2010.0
2017-10-08 13:44:00,0.5837899999999999,0.5837899999999999,0.5837899999999999,0.5837899999999999,10.0
2017-10-08 13:47:00,0.58416,0.58416,0.58416,0.58416,1381.91274
2017-10-08 13:48:00,0.58416,0.58502,0.58406,0.58502,12690.665955139999
2017-10-08 13:49:00,0.585,0.5851,0.585,0.585,1010.0
2017-10-08 13:50:00,0.5853,0.58537,0.585,0.58537,1050.01
2017-10-08 13:51:00,0.5844,0.585,0.5844,0.585,2998.554095
2017-10-08 13:52:00,0.5845,0.5845,0.5844,0.5844,1513.3244080000002
2017-10-08 13:53:00,0.5823,0.58445,0.5818,0.5818,3035.550518
2017-10-08 13:54:00,0.5821,0.5821,0.5819,0.5820000000000001,271.61790754
2017-10-08 13:55:00,0.5819,0.5819,0.5818,0.5818,92.01170743
2017-10-08 13:57:00,0.5820000000000001,0.5820000000000001,0.5820000000000001,0.5820000000000001,20.0
2017-10-08 13:58:00,0.58191,0.5820000000000001,0.58191,0.5820000000000001,70.0
2017-10-08 13:59:00,0.5819,0.5821,0.5818,0.5820000000000001,1174.9999999999998
2017-10-08 14:00:00,0.5837899999999999,0.5837899999999999,0.58257,0.5826,97.81047767
2017-10-08 14:01:00,0.5841,0.5845,0.5838,0.584,116.35487926
2017-10-08 14:02:00,0.5828,0.58478,0.5825,0.58478,1001.0
2017-10-08 14:04:00,0.584,0.58409,0.58398,0.58398,110.0
2017-10-08 14:05:00,0.58397,0.5841,0.58397,0.5841,635.1143255
2017-10-08 14:06:00,0.58428,0.5847100000000001,0.58428,0.5847100000000001,936.6659928600001
2017-10-08 14:07:00,0.58253,0.5845600000000001,0.58253,0.58253,94.0378938
2017-10-08 14:08:00,0.58263,0.5826399999999999,0.5825,0.5825,2000.0
2017-10-08 14:10:00,0.5825,0.5827,0.5825,0.5827,1800.0
2017-10-08 14:11:00,0.5846600000000001,0.5846600000000001,0.5846600000000001,0.5846600000000001,1.0
2017-10-08 14:13:00,0.5849,0.585,0.58417,0.58449,10001.0
2017-10-08 14:14:00,0.5825,0.5843,0.5825,0.5843,878.2963826399999
2017-10-08 14:16:00,0.5835,0.5835,0.5835,0.5835,500.0
2017-10-08 14:17:00,0.5839,0.5839,0.5836,0.5836,10.599999999999998
2017-10-08 14:18:00,0.584,0.5846,0.584,0.5846,1.7000000000000004
2017-10-08 14:19:00,0.5845,0.5846,0.5845,0.5845,3.2000000000000015
2017-10-08 14:20:00,0.5845,0.5845,0.5835100000000001,0.5835100000000001,347.2
2017-10-08 14:21:00,0.5836,0.5847899999999999,0.5836,0.5847,412.0252002000002
2017-10-08 14:22:00,0.5847600000000001,0.5847600000000001,0.5847,0.5847600000000001,1500.6
2017-10-08 14:23:00,0.585,0.585,0.58475,0.5849,7663.47252068
2017-10-08 14:24:00,0.5851,0.5854699999999999,0.5851,0.5852,123.77825797999998
2017-10-08 14:25:00,0.5852,0.58605,0.5852,0.58605,3212.5799277800006
2017-10-08 14:26:00,0.586,0.5863,0.586,0.5863,60.61086027
2017-10-08 14:27:00,0.58637,0.58722,0.58637,0.5869,9417.668802510001
2017-10-08 14:28:00,0.5873,0.58737,0.5873,0.58737,1605.5684710199998
2017-10-08 14:29:00,0.58729,0.588,0.58716,0.588,10932.64072098
2017-10-08 14:30:00,0.588,0.588,0.588,0.588,8956.770385979999
2017-10-08 14:31:00,0.5881,0.5883,0.588,0.588,1296.513959
2017-10-08 14:32:00,0.5881,0.58819,0.5881,0.58819,190.0
2017-10-08 14:33:00,0.588,0.588,0.588,0.588,618.41635502
2017-10-08 14:34:00,0.58826,0.58826,0.58826,0.58826,0.1
2017-10-08 14:36:00,0.5879,0.5883,0.5879,0.588,199.99999999999997
2017-10-08 14:37:00,0.5868,0.58777,0.5855,0.58777,218.88535731999997
2017-10-08 14:38:00,0.5879,0.5891,0.58777,0.5889800000000001,6760.945240859999
2017-10-08 14:39:00,0.59,0.59,0.5889,0.59,6852.008859699999
2017-10-08 14:40:00,0.59,0.59015,0.5855,0.5855,9090.923903720002
2017-10-08 14:41:00,0.5855,0.5894,0.58511,0.5852,34430.642650429996
2017-10-08 14:42:00,0.5852,0.5852,0.5852,0.5852,13159.143813160003
2017-10-08 14:43:00,0.5852,0.5852,0.5852,0.5852,0.1
2017-10-08 14:45:00,0.58511,0.5852,0.58511,0.5852,3249.342579339998
2017-10-08 14:46:00,0.5852,0.5852,0.58191,0.5852,13385.357437200004
2017-10-08 14:47:00,0.5852,0.5852,0.5852,0.5852,1007.0357473099996
2017-10-08 14:48:00,0.5852,0.5852,0.5852,0.5852,3713.8809076799994
2017-10-08 14:49:00,0.58519,0.58519,0.58497,0.58497,146.34508102
2017-10-08 14:51:00,0.5831,0.5831,0.5831,0.5831,45.0
2017-10-08 14:52:00,0.58368,0.58368,0.58368,0.58368,15.97237155
2017-10-08 14:54:00,0.5848399999999999,0.5852,0.58426,0.5851,1107.0000000000002
2017-10-08 14:56:00,0.58468,0.58468,0.58468,0.58468,0.1
2017-10-08 14:58:00,0.58399,0.58399,0.58399,0.58399,461.12847300000004
2017-10-08 14:59:00,0.5821,0.5822,0.5819,0.5822,2299.82
2017-10-08 15:00:00,0.5822,0.5822,0.5822,0.5822,1143.15159474
2017-10-08 15:04:00,0.58,0.5823,0.58,0.5821,7131.906970710002
2017-10-08 15:05:00,0.58116,0.5844,0.58115,0.5832,236.26681796
2017-10-08 15:06:00,0.5844,0.5844,0.5844,0.5844,64.31762521
2017-10-08 15:16:00,0.585,0.585,0.5845,0.585,8578.994448120002
2017-10-08 15:17:00,0.585,0.585,0.585,0.585,51.74000318
2017-10-08 15:18:00,0.585,0.585,0.585,0.585,335.66032863
2017-10-08 15:19:00,0.585,0.585,0.584,0.584,11167.5
2017-10-08 15:20:00,0.5841,0.5841,0.5841,0.5841,100.00000000000001
2017-10-08 15:21:00,0.584,0.5846,0.584,0.5846,804.9746170000001
2017-10-08 15:23:00,0.5845,0.5851,0.5844,0.58508,516.06990144
2017-10-08 15:24:00,0.5851,0.5851,0.5845,0.5845,220.63456541
2017-10-08 15:25:00,0.5845,0.5845,0.5844699999999999,0.5844699999999999,1100.0
2017-10-08 15:27:00,0.5837,0.5838,0.5836,0.5836,4200.0
2017-10-08 15:28:00,0.5851,0.5851,0.5845,0.58509,257.00663055999996
2017-10-08 15:29:00,0.58521,0.58521,0.58521,0.58521,1138.844309
2017-10-08 15:30:00,0.58521,0.58521,0.58521,0.58521,10.0
2017-10-08 15:31:00,0.58522,0.58522,0.58522,0.58522,15.97459916
2017-10-08 15:33:00,0.5857899999999999,0.58638,0.5857899999999999,0.58638,18.010552
2017-10-08 15:34:00,0.58638,0.5877,0.58638,0.5876899999999999,853.18581838
2017-10-08 15:35:00,0.58623,0.58777,0.5847,0.5848,22686.595820089995
2017-10-08 15:36:00,0.5847399999999999,0.5847399999999999,0.5846,0.5846,31021.179246519998
2017-10-08 15:37:00,0.5847,0.5847,0.5846,0.5847,11178.64769885
2017-10-08 15:39:00,0.58719,0.58719,0.5847600000000001,0.5848,1299.0088953099998
2017-10-08 15:40:00,0.58778,0.588,0.5876,0.58777,3305.1158253900003
2017-10-08 15:41:00,0.5888,0.5897600000000001,0.5879,0.5897600000000001,8072.567968710001
2017-10-08 15:42:00,0.5897600000000001,0.5897600000000001,0.5897600000000001,0.5897600000000001,68.07
2017-10-08 15:45:00,0.58986,0.5905,0.58986,0.59044,1000.0
2017-10-08 15:46:00,0.59045,0.5905100000000001,0.5903,0.5905100000000001,1907.4597053699997
2017-10-08 15:47:00,0.5905100000000001,0.5905600000000001,0.58986,0.5899,6800.201456429999
2017-10-08 15:48:00,0.5899,0.59,0.5899,0.5899,900.0
2017-10-08 15:49:00,0.58986,0.58986,0.58986,0.58986,2999.6
2017-10-08 15:50:00,0.59068,0.59068,0.59,0.59059,458.58478761
2017-10-08 15:51:00,0.59068,0.59068,0.59068,0.59068,1626.900212
2017-10-08 15:52:00,0.59,0.59059,0.59,0.59059,1002.093711
2017-10-08 15:53:00,0.59,0.59,0.59,0.59,10.0
2017-10-08 15:54:00,0.59,0.59,0.59,0.59,993.89
2017-10-08 15:55:00,0.5855,0.588,0.585,0.588,712.6515999999999
2017-10-08 15:56:00,0.58557,0.586,0.58529,0.586,318.3636735300002
2017-10-08 15:57:00,0.586,0.5862,0.586,0.58617,35.70319416000001
2017-10-08 15:58:00,0.5863,0.5866,0.5863,0.5866,196.17581576999999
2017-10-08 15:59:00,0.5868,0.58702,0.58668,0.58702,64.62656101
2017-10-08 16:00:00,0.5872,0.5872,0.5871,0.5871,0.2
2017-10-08 16:01:00,0.5873,0.5874,0.5873,0.58734,13.30525699
2017-10-08 16:02:00,0.5876,0.5876,0.5875,0.5875,0.2
2017-10-08 16:03:00,0.5877,0.5881,0.58709,0.5881,27.745858740000003
2017-10-08 16:04:00,0.588,0.58836,0.5856100000000001,0.5883,1043.8423762300001
2017-10-08 16:05:00,0.58799,0.589,0.58799,0.589,320.26570877000006
2017-10-08 16:06:00,0.589,0.5892,0.5889,0.5891,389.0017465600001
2017-10-08 16:07:00,0.58927,0.5893,0.589,0.589,497.10471131
2017-10-08 16:08:00,0.58907,0.58909,0.58907,0.58909,1649.52517322
2017-10-08 16:10:00,0.5895,0.5895,0.589,0.589,660.00000995
2017-10-08 16:11:00,0.5888,0.5888,0.5888,0.5888,280.0
2017-10-08 16:13:00,0.58868,0.58868,0.58868,0.58868,61.89979947
2017-10-08 16:16:00,0.5885,0.5885,0.5856,0.5856,234.0
2017-10-08 16:18:00,0.5855,0.5879,0.5855,0.5879,765.99702314
2017-10-08 16:19:00,0.5879,0.5879,0.5879,0.5879,0.00297686
2017-10-08 16:20:00,0.58759,0.58759,0.58759,0.58759,667.286571
2017-10-08 16:21:00,0.5875,0.5875,0.585,0.5853,13838.501908
2017-10-08 16:22:00,0.5866,0.5866,0.5866,0.5866,0.1
2017-10-08 16:24:00,0.5857,0.5857,0.5857,0.5857,111.0
2017-10-08 16:25:00,0.5851,0.5851,0.585,0.585,149.091235
2017-10-08 16:28:00,0.585,0.585,0.585,0.585,111.0
2017-10-08 16:29:00,0.585,0.5871,0.585,0.5871,10667.874320239998
2017-10-08 16:31:00,0.588,0.588,0.588,0.588,1000.0
2017-10-08 16:33:00,0.58532,0.58532,0.58532,0.58532,14.0
2017-10-08 16:34:00,0.58712,0.58712,0.58712,0.58712,331.0
2017-10-08 16:36:00,0.58507,0.58507,0.58507,0.58507,43.91
2017-10-08 16:39:00,0.58501,0.58512,0.585,0.585,25650.936926
2017-10-08 16:41:00,0.58521,0.58639,0.585,0.5851,28598.171
2017-10-08 16:47:00,0.585,0.585,0.585,0.585,761.0
2017-10-08 16:48:00,0.58538,0.5854,0.58537,0.5854,664.92297099
2017-10-08 16:49:00,0.585,0.585,0.585,0.585,1663.0
2017-10-08 16:50:00,0.5855899999999999,0.5855899999999999,0.5855899999999999,0.5855899999999999,1000.0
2017-10-08 16:52:00,0.5855899999999999,0.58575,0.5855899999999999,0.58575,1000.0
2017-10-08 16:53:00,0.58575,0.58575,0.58575,0.58575,120.0
2017-10-08 16:54:00,0.585,0.585,0.585,0.585,85.0
2017-10-08 16:55:00,0.585,0.58575,0.585,0.58575,1447.591912
2017-10-08 16:56:00,0.58575,0.58575,0.58575,0.58575,40.0
2017-10-08 16:59:00,0.58575,0.58575,0.58575,0.58575,55.429415000000006
2017-10-08 17:00:00,0.5916,0.5916,0.58575,0.5888,3554.0864420000003
2017-10-08 17:02:00,0.5853,0.5886100000000001,0.5853,0.5886,15501.906617269999
2017-10-08 17:03:00,0.5877,0.59,0.5877,0.5899,5392.17407967
2017-10-08 17:04:00,0.5899,0.5918,0.5899,0.5918,4380.39969297
2017-10-08 17:05:00,0.59186,0.5925,0.59186,0.59216,16823.462154049997
2017-10-08 17:06:00,0.59186,0.59186,0.59186,0.59186,326.16022654
2017-10-08 17:07:00,0.5913,0.59149,0.5912,0.59128,605.0
2017-10-08 17:08:00,0.5908,0.591,0.5868800000000001,0.5870000000000001,1324.2893521500002
2017-10-08 17:09:00,0.59,0.59,0.59,0.59,0.1
2017-10-08 17:10:00,0.59,0.59,0.59,0.59,0.7
2017-10-08 17:12:00,0.5898899999999999,0.5899,0.5898899999999999,0.5899,780.6123399999999
2017-10-08 17:14:00,0.5898,0.5898,0.5876,0.5876,1222.58607277
2017-10-08 17:15:00,0.5898,0.5898,0.5898,0.5898,86.4407
2017-10-08 17:16:00,0.589,0.589,0.5870000000000001,0.5876,171.17494029999997
2017-10-08 17:17:00,0.586,0.586,0.586,0.586,642.34026708
2017-10-08 17:18:00,0.586,0.586,0.586,0.586,0.04409262
2017-10-08 17:19:00,0.589,0.589,0.589,0.589,249.95590738
2017-10-08 17:22:00,0.589,0.589,0.589,0.589,261.78671462
2017-10-08 17:23:00,0.589,0.589,0.58802,0.58802,27.0
2017-10-08 17:24:00,0.58804,0.58804,0.58721,0.58721,1221.00802901
2017-10-08 17:26:00,0.5875,0.5875,0.5875,0.5875,0.3
2017-10-08 17:32:00,0.5887100000000001,0.5887100000000001,0.5887100000000001,0.5887100000000001,238.10755596
2017-10-08 17:36:00,0.58802,0.58802,0.58802,0.58802,200.98
2017-10-08 17:37:00,0.5886,0.5886,0.5886,0.5886,0.04043844
2017-10-08 17:38:00,0.5885,0.58892,0.5885,0.5886,1828.134674
2017-10-08 17:41:00,0.5888100000000001,0.5888100000000001,0.5888100000000001,0.5888100000000001,453.13237123
2017-10-08 17:45:00,0.5877,0.59219,0.5877,0.5916600000000001,3352.8702550000003
2017-10-08 17:48:00,0.5918899999999999,0.5918899999999999,0.5918899999999999,0.5918899999999999,200.0
2017-10-08 17:50:00,0.59299,0.59309,0.5919800000000001,0.5929,5177.7860105400005
2017-10-08 17:53:00,0.59259,0.59259,0.5901,0.5920000000000001,464.009
2017-10-08 17:56:00,0.58911,0.58911,0.58911,0.58911,200.0
2017-10-08 17:57:00,0.58911,0.58911,0.58911,0.58911,50.141999999999996
2017-10-08 17:58:00,0.58911,0.5920000000000001,0.5888899999999999,0.5894,2191.97374905
2017-10-08 17:59:00,0.5924,0.5931,0.5888,0.58894,6247.394853809999
2017-10-08 18:00:00,0.5856,0.5881,0.5856,0.5881,1856.4311870000001
2017-10-08 18:01:00,0.58623,0.58623,0.58623,0.58623,1.0
2017-10-08 18:02:00,0.58808,0.58808,0.58646,0.58648,0.2700000000000001
2017-10-08 18:03:00,0.58648,0.58648,0.58648,0.58648,0.04
2017-10-08 18:04:00,0.58648,0.5865,0.58648,0.5865,578.8954194199999
2017-10-08 18:05:00,0.5865,0.58837,0.5865,0.58837,1307.54076385
2017-10-08 18:08:00,0.5887100000000001,0.589,0.5887100000000001,0.589,182.08542819000002
2017-10-08 18:11:00,0.5899,0.5899,0.589,0.589,21.597202510000002
2017-10-08 18:12:00,0.58999,0.58999,0.58999,0.58999,23.0
2017-10-08 18:14:00,0.5899,0.5899,0.5899,0.5899,64.79160753
2017-10-08 18:15:00,0.5898,0.59,0.58975,0.58996,2.9999999999999996
2017-10-08 18:16:00,0.5898,0.58999,0.5896399999999999,0.5896399999999999,5.070000000000001
2017-10-08 18:17:00,0.5896399999999999,0.5898,0.5896399999999999,0.5898,1.490000000000001
2017-10-08 18:18:00,0.5898,0.5898,0.5898,0.5898,0.40601559000000004
2017-10-08 18:19:00,0.5898899999999999,0.5898899999999999,0.5898,0.5898,101.0
2017-10-08 18:20:00,0.5873,0.5898,0.5873,0.58949,10.899999999999999
2017-10-08 18:21:00,0.5897,0.59,0.58948,0.58996,4.499999999999997
2017-10-08 18:22:00,0.59,0.59,0.58755,0.59,104.55624018000009
2017-10-08 18:25:00,0.5873,0.5874,0.5869,0.5869,877.839086
2017-10-08 18:26:00,0.5884,0.59,0.5875,0.59,1.5500000000000003
2017-10-08 18:27:00,0.5898899999999999,0.59,0.5874,0.59,240.78887899999995
2017-10-08 18:28:00,0.59,0.59,0.5899800000000001,0.5899800000000001,1.6802964400000004
2017-10-08 18:30:00,0.58999,0.59,0.58999,0.58999,160.00000000000003
2017-10-08 18:31:00,0.58999,0.58999,0.58999,0.58999,0.1
2017-10-08 18:34:00,0.58999,0.58999,0.58999,0.58999,181.20217399999999
2017-10-08 18:35:00,0.59,0.59,0.5899,0.5899,1685.7978259999993
2017-10-08 18:36:00,0.5899,0.5914,0.5899,0.5902,227.3625953799999
2017-10-08 18:37:00,0.5913,0.5913,0.5902,0.5902,276.4302963
2017-10-08 18:38:00,0.5902,0.5918100000000001,0.5902,0.5918100000000001,21.09
2017-10-08 18:39:00,0.59182,0.59182,0.5902,0.5902,49.06
2017-10-08 18:40:00,0.5913,0.5916,0.5905699999999999,0.5909,0.3200000000000001
2017-10-08 18:41:00,0.59,0.59,0.5876,0.59,86.65573768
2017-10-08 18:42:00,0.59026,0.59026,0.59009,0.59009,791.8580010000001
2017-10-08 18:43:00,0.591,0.5916,0.5876100000000001,0.5905,44.678312999999974
2017-10-08 18:45:00,0.5905,0.5905,0.5901,0.5904699999999999,67.67467998
2017-10-08 18:46:00,0.59038,0.5904,0.58999,0.5904,0.060000000000000005
2017-10-08 18:47:00,0.58999,0.5905,0.58999,0.5905,251.94223002
2017-10-08 18:48:00,0.5907899999999999,0.5908,0.5904,0.5905,204.254978
2017-10-08 18:49:00,0.5908800000000001,0.5909,0.5908800000000001,0.5909,0.187
2017-10-08 18:51:00,0.5909,0.5909,0.5904,0.5906,800.983
2017-10-08 18:52:00,0.591,0.591,0.5904,0.5904,90.017
2017-10-08 18:54:00,0.5863,0.5908,0.5863,0.5863,5874.68757673
2017-10-08 18:55:00,0.58611,0.58611,0.58611,0.58611,1848.888341
2017-10-08 18:57:00,0.5861,0.5861,0.5861,0.5861,932.7341759999999
2017-10-08 18:59:00,0.5861,0.5871,0.5856100000000001,0.5870000000000001,2000.0
2017-10-08 19:01:00,0.5889,0.59182,0.5873,0.591,42.57130692999996
2017-10-08 19:02:00,0.59049,0.59049,0.5897399999999999,0.5897399999999999,304.30683437
2017-10-08 19:03:00,0.5897399999999999,0.59009,0.5897399999999999,0.59009,24.965210000000003
2017-10-08 19:04:00,0.5902,0.5902,0.58999,0.58999,4.0
2017-10-08 19:07:00,0.58945,0.5897399999999999,0.58886,0.58915,216.90192018
2017-10-08 19:08:00,0.5885600000000001,0.5885600000000001,0.58797,0.58797,182.05465485
2017-10-08 19:11:00,0.5915,0.5918100000000001,0.5878,0.5878,8430.606117360003
2017-10-08 19:12:00,0.5878,0.5878,0.5878,0.5878,215.30305868
2017-10-08 19:13:00,0.5878,0.5878,0.58721,0.5874,1020.0
2017-10-08 19:15:00,0.5878,0.5878,0.5878,0.5878,0.01
2017-10-08 19:20:00,0.58731,0.58731,0.58731,0.58731,177.78601054
2017-10-08 19:21:00,0.58731,0.58731,0.58731,0.58731,1.67458244
2017-10-08 19:22:00,0.5879,0.59073,0.5874,0.5897,1522.5455787299975
2017-10-08 19:24:00,0.59013,0.59013,0.59013,0.59013,6.0
2017-10-08 19:25:00,0.59072,0.59072,0.59072,0.59072,0.01
2017-10-08 19:27:00,0.5887600000000001,0.5887600000000001,0.5887600000000001,0.5887600000000001,443.65466622
2017-10-08 19:28:00,0.59072,0.59072,0.59062,0.59062,6.783089459999999
2017-10-08 19:29:00,0.58865,0.58865,0.58865,0.58865,18.92706666
2017-10-08 19:30:00,0.5884,0.5884,0.5884,0.5884,7.235436999999999
2017-10-08 19:31:00,0.5888,0.5888,0.5888,0.5888,5.0
2017-10-08 19:32:00,0.59072,0.59072,0.58802,0.58802,5.01
2017-10-08 19:33:00,0.58817,0.58817,0.58817,0.58817,0.01
2017-10-08 19:34:00,0.5907100000000001,0.5907100000000001,0.58817,0.589,180.22512069999993
2017-10-08 19:35:00,0.5896,0.5896,0.5896,0.5896,0.1
2017-10-08 19:36:00,0.5897,0.5897,0.5897,0.5897,0.01
2017-10-08 19:37:00,0.5907,0.5907100000000001,0.5897,0.5906,1.29
2017-10-08 19:38:00,0.5896,0.5896,0.5896,0.5896,99.9
2017-10-08 19:40:00,0.5899,0.5899,0.58844,0.5899,122.53686497000001
2017-10-08 19:41:00,0.5899,0.5899,0.58934,0.58934,109.50584845
2017-10-08 19:42:00,0.588,0.588,0.588,0.588,66.18965041
2017-10-08 19:43:00,0.58833,0.58833,0.58833,0.58833,17.999995000000002
2017-10-08 19:44:00,0.58833,0.5899,0.58833,0.5899,0.17
2017-10-08 19:45:00,0.5899,0.5899,0.5899,0.5899,50.0
2017-10-08 19:46:00,0.59,0.59,0.59,0.59,1438.52039954
2017-10-08 19:48:00,0.59,0.59072,0.59,0.59072,763.156
2017-10-08 19:50:00,0.59072,0.5919,0.59072,0.5919,250.02920759999998
2017-10-08 19:51:00,0.59228,0.59268,0.59228,0.59268,513.452754
2017-10-08 19:52:00,0.59259,0.59259,0.59259,0.59259,50.0
2017-10-08 19:56:00,0.5925,0.5925,0.59101,0.59101,193.461651
2017-10-08 19:57:00,0.59101,0.59244,0.59101,0.59234,82.47398667000002
2017-10-08 19:59:00,0.5920000000000001,0.59242,0.5920000000000001,0.5923,999.9999999999999
2017-10-08 20:00:00,0.5923,0.5935,0.5922,0.59337,3377.03920721
2017-10-08 20:01:00,0.59165,0.59277,0.59165,0.59277,254.65366500000005
2017-10-08 20:02:00,0.59336,0.59336,0.59336,0.59336,0.1
2017-10-08 20:03:00,0.5927600000000001,0.5928800000000001,0.5927600000000001,0.5928800000000001,68.79672755
2017-10-08 20:04:00,0.5906899999999999,0.5927600000000001,0.59068,0.59165,600.0360039999999
2017-10-08 20:06:00,0.59103,0.59103,0.59103,0.59103,1.01578418
2017-10-08 20:07:00,0.5935,0.5935,0.5935,0.5935,0.1
2017-10-08 20:09:00,0.5926,0.5929,0.5919,0.5920000000000001,2179.10562956
2017-10-08 20:11:00,0.59299,0.59299,0.59299,0.59299,0.1
2017-10-08 20:13:00,0.5920000000000001,0.5920000000000001,0.59199,0.5920000000000001,3956.1360000000004
2017-10-08 20:16:00,0.5917100000000001,0.5917100000000001,0.5917100000000001,0.5917100000000001,132.55294614000002
2017-10-08 20:20:00,0.59142,0.5917100000000001,0.5899399999999999,0.59,2034.64594661
2017-10-08 20:21:00,0.5917100000000001,0.5917100000000001,0.5917100000000001,0.5917100000000001,80.0
2017-10-08 20:23:00,0.5917100000000001,0.5917100000000001,0.5917100000000001,0.5917100000000001,22.81937319
2017-10-08 20:25:00,0.59182,0.59182,0.59182,0.59182,153.0
2017-10-08 20:26:00,0.588,0.59192,0.588,0.59011,10002.42670688
2017-10-08 20:27:00,0.58803,0.5898100000000001,0.58803,0.5898100000000001,999.4
2017-10-08 20:28:00,0.59207,0.59207,0.59207,0.59207,201.17962
2017-10-08 20:30:00,0.59241,0.59332,0.59241,0.59331,200.0
2017-10-08 20:36:00,0.5888100000000001,0.5914699999999999,0.58822,0.5889300000000001,11785.000000000004
2017-10-08 20:39:00,0.5897,0.59037,0.5897,0.59037,1828.8796200000002
2017-10-08 20:40:00,0.5904,0.5920000000000001,0.5904,0.59199,254.23583343
2017-10-08 20:45:00,0.59264,0.59264,0.5920000000000001,0.5920000000000001,20.0
2017-10-08 20:48:00,0.5928800000000001,0.5928800000000001,0.59285,0.59285,2455.165019
2017-10-08 20:54:00,0.5925199999999999,0.5925199999999999,0.5925199999999999,0.5925199999999999,85.998058
2017-10-08 20:56:00,0.5926,0.5927399999999999,0.5926,0.5927399999999999,1104.8769375
2017-10-08 20:58:00,0.5926,0.5926,0.5926,0.5926,18.829602
2017-10-08 20:59:00,0.5926,0.5926,0.5925199999999999,0.5925600000000001,1250.0
2017-10-08 21:00:00,0.59253,0.59253,0.59253,0.59253,336.85562626
2017-10-08 21:01:00,0.59253,0.5929,0.59253,0.5928,1946.25832698
2017-10-08 21:02:00,0.5928,0.596,0.5928,0.59349,2850.5493255799997
2017-10-08 21:04:00,0.59497,0.59497,0.59497,0.59497,10.14420653
2017-10-08 21:05:00,0.595,0.5959,0.595,0.5959,914.66644079
2017-10-08 21:06:00,0.5959,0.596,0.5959,0.596,6545.039880310001
2017-10-08 21:07:00,0.596,0.598,0.596,0.5979300000000001,4315.00500124
2017-10-08 21:08:00,0.598,0.5981,0.598,0.5981,6235.033984989999
2017-10-08 21:09:00,0.5982,0.5982,0.598,0.598,3270.00934348
2017-10-08 21:10:00,0.5982,0.59849,0.5982,0.59849,2058.4067262
2017-10-08 21:11:00,0.59849,0.59849,0.59849,0.59849,20.0
2017-10-08 21:12:00,0.59849,0.59849,0.59849,0.59849,23.0
2017-10-08 21:13:00,0.59849,0.59849,0.59849,0.59849,441.214929
2017-10-08 21:14:00,0.59892,0.59911,0.59892,0.59911,1363.2091618399998
2017-10-08 21:15:00,0.59911,0.5996,0.59911,0.5996,6523.393594880001
2017-10-08 21:16:00,0.59988,0.6001,0.59988,0.6001,8877.78604722
2017-10-08 21:17:00,0.60077,0.6008,0.60028,0.6008,166.23682856
2017-10-08 21:18:00,0.5977100000000001,0.6001,0.59763,0.59821,6585.58541
2017-10-08 21:19:00,0.6048,0.6048,0.5986,0.60288,13153.901142770002
2017-10-08 21:20:00,0.60228,0.6039,0.60228,0.6039,241.46693426000002
2017-10-08 21:21:00,0.60228,0.60228,0.6007600000000001,0.6016699999999999,124.99999999999999
2017-10-08 21:24:00,0.603,0.6038,0.6009,0.6038,200.03
2017-10-08 21:25:00,0.60046,0.6007600000000001,0.59954,0.59956,658.8769460000001
2017-10-08 21:26:00,0.59964,0.6038,0.59964,0.602,3484.5259294400003
2017-10-08 21:27:00,0.602,0.602,0.602,0.602,617.28695174
2017-10-08 21:28:00,0.60023,0.60105,0.60023,0.60105,843.10646646
2017-10-08 21:29:00,0.59948,0.59948,0.59948,0.59948,88.968422
2017-10-08 21:30:00,0.6016,0.6024,0.6016,0.6017,3105.54500451
2017-10-08 21:31:00,0.6015,0.6028600000000001,0.6015,0.6028600000000001,4657.186939900001
2017-10-08 21:32:00,0.6028600000000001,0.6028600000000001,0.59995,0.6019,2377.9887814
2017-10-08 21:33:00,0.60207,0.6026,0.60207,0.60229,690.9354623199999
2017-10-08 21:34:00,0.6027,0.60406,0.6026600000000001,0.60406,3227.03531623
2017-10-08 21:35:00,0.60406,0.60406,0.60406,0.60406,320.63135035
2017-10-08 21:36:00,0.6048,0.6049,0.60446,0.6048,5819.49874071
2017-10-08 21:37:00,0.6048,0.60487,0.6048,0.6048600000000001,857.58143964
2017-10-08 21:38:00,0.6048,0.6049,0.6048,0.6049,1971.67719952
2017-10-08 21:39:00,0.6048600000000001,0.6048600000000001,0.60485,0.60485,73.441204
2017-10-08 21:40:00,0.605,0.605,0.605,0.605,5007.206
2017-10-08 21:41:00,0.6049899999999999,0.6075,0.6049,0.6049,12719.874104999999
2017-10-08 21:42:00,0.60706,0.61,0.6048600000000001,0.6099899999999999,11906.250462810003
2017-10-08 21:43:00,0.60688,0.6097,0.6056600000000001,0.60582,5476.229010130002
2017-10-08 21:44:00,0.60582,0.60582,0.60582,0.60582,20.0
2017-10-08 21:45:00,0.6076600000000001,0.6079,0.60746,0.60749,2801.0732557399997
2017-10-08 21:46:00,0.6077600000000001,0.60777,0.604,0.60507,8563.726844589999
2017-10-08 21:47:00,0.60551,0.60551,0.60551,0.60551,100.0
2017-10-08 21:48:00,0.6021,0.6038399999999999,0.6021,0.603,121.51365696999999
2017-10-08 21:49:00,0.6049899999999999,0.605,0.6049899999999999,0.605,79.27009499999998
2017-10-08 21:50:00,0.6049,0.6049,0.60232,0.60232,162.94094560000002
2017-10-08 21:51:00,0.6049,0.6049,0.60232,0.60232,850.5393823600001
2017-10-08 21:54:00,0.60232,0.60232,0.60232,0.60232,80.531
2017-10-08 21:55:00,0.60231,0.60232,0.60231,0.60232,125.706649
2017-10-08 21:56:00,0.605,0.605,0.6022,0.6031,1935.3226189999987
2017-10-08 21:57:00,0.60251,0.60251,0.60251,0.60251,0.17942974
2017-10-08 21:58:00,0.60241,0.6025,0.6021,0.6025,4358.818685
2017-10-08 21:59:00,0.60202,0.60202,0.60202,0.60202,14.64693366
2017-10-08 22:01:00,0.59959,0.60202,0.59942,0.59942,199.99999999999997
2017-10-08 22:02:00,0.60055,0.60055,0.60055,0.60055,251.454304
2017-10-08 22:04:00,0.59938,0.59948,0.59653,0.59653,5884.799252679999
2017-10-08 22:05:00,0.59578,0.5961,0.59578,0.596,795.47109861
2017-10-08 22:06:00,0.5959899999999999,0.5976899999999999,0.5951,0.5952,3826.4597230199997
2017-10-08 22:07:00,0.59264,0.59768,0.59264,0.595,1880.0000000000005
2017-10-08 22:08:00,0.5976,0.5976,0.5974,0.5974,4931.95717201
2017-10-08 22:10:00,0.5951,0.5968899999999999,0.59221,0.59221,31262.867072900008
2017-10-08 22:11:00,0.59365,0.59546,0.59365,0.59546,93.34773205
2017-10-08 22:15:00,0.5954,0.5954,0.5954,0.5954,1347.9399999999998
2017-10-08 22:16:00,0.5965699999999999,0.59823,0.5965699999999999,0.59823,598.4478171999999
2017-10-08 22:17:00,0.5981,0.5981,0.59749,0.59749,100.36440468
2017-10-08 22:20:00,0.5963,0.5969,0.5957,0.5957,50.15770137
2017-10-08 22:21:00,0.59451,0.5951,0.5927100000000001,0.5927100000000001,83.59616895
2017-10-08 22:24:00,0.59221,0.59221,0.588,0.5901,3787.0624760600003
2017-10-08 22:25:00,0.59,0.59618,0.5896100000000001,0.5948899999999999,1270.8686738699996
2017-10-08 22:26:00,0.59439,0.59439,0.5903,0.5903,2677.850938209999
2017-10-08 22:27:00,0.59409,0.5983,0.59409,0.5983,12083.153523809999
2017-10-08 22:28:00,0.596,0.6,0.5958,0.6,3575.80374562
2017-10-08 22:29:00,0.5990800000000001,0.59909,0.5990800000000001,0.59909,3.0
2017-10-08 22:30:00,0.59849,0.59849,0.5978899999999999,0.5978899999999999,17.910849
2017-10-08 22:32:00,0.6007,0.60236,0.60065,0.6007600000000001,721.0
2017-10-08 22:33:00,0.6025,0.6025,0.5991,0.5991,5179.1721491
2017-10-08 22:34:00,0.599,0.5998899999999999,0.5989,0.5998899999999999,3000.189524
2017-10-08 22:35:00,0.5998899999999999,0.6,0.5998899999999999,0.5999,3727.21736478
2017-10-08 22:37:00,0.6019899999999999,0.602,0.60178,0.60178,1579.98502853
2017-10-08 22:38:00,0.60251,0.60251,0.60251,0.60251,134.82057026
2017-10-08 22:39:00,0.603,0.6031,0.603,0.6031,2257.56169374
2017-10-08 22:41:00,0.6035,0.605,0.6035,0.605,8579.856748
2017-10-08 22:42:00,0.6046,0.605,0.6035,0.6035,2140.69829381
2017-10-08 22:43:00,0.6035,0.6035,0.6035,0.6035,223.45033999999998
2017-10-08 22:44:00,0.6035,0.6035,0.6035,0.6035,100.0
2017-10-08 22:45:00,0.6035,0.6035,0.6035,0.6035,39.0
2017-10-08 22:46:00,0.605,0.605,0.6035,0.604,511.398019
2017-10-08 22:49:00,0.60449,0.60449,0.603,0.603,10800.92041277
2017-10-08 22:50:00,0.603,0.603,0.603,0.603,1296.891982
2017-10-08 22:51:00,0.603,0.60449,0.603,0.603,15958.313840610002
2017-10-08 22:52:00,0.603,0.60519,0.603,0.60519,31854.547522999997
2017-10-08 22:53:00,0.603,0.603,0.603,0.603,100.0
2017-10-08 22:54:00,0.60645,0.6065,0.603,0.6031,35.0
2017-10-08 22:55:00,0.6058899999999999,0.6058899999999999,0.6031,0.60346,308.8495979300001
2017-10-08 22:59:00,0.6046,0.6046,0.6046,0.6046,33.77954934
2017-10-08 23:01:00,0.60649,0.60649,0.603,0.603,6230.870655070001
2017-10-08 23:02:00,0.60301,0.60301,0.602,0.602,3369.8892824799996
2017-10-08 23:03:00,0.6031,0.6031,0.602,0.6031,5.0
2017-10-08 23:04:00,0.60164,0.60164,0.60043,0.601,2297.93860259
2017-10-08 23:05:00,0.60101,0.6029899999999999,0.6,0.60096,7191.209511850001
2017-10-08 23:06:00,0.60001,0.60309,0.60001,0.60309,221.0
2017-10-08 23:07:00,0.6031,0.60319,0.60296,0.60319,111.0
2017-10-08 23:10:00,0.601,0.601,0.601,0.601,72.406672
2017-10-08 23:11:00,0.603,0.60315,0.6,0.601,10082.73265871
2017-10-08 23:14:00,0.6015,0.6015,0.6,0.6006100000000001,313.78489082
2017-10-08 23:15:00,0.60122,0.60228,0.6,0.6021,4134.0024078999995
2017-10-08 23:16:00,0.60004,0.6025699999999999,0.6,0.6025699999999999,452.54791406000004
2017-10-08 23:17:00,0.6001,0.6001,0.6001,0.6001,98.43605
2017-10-08 23:18:00,0.60259,0.603,0.6019899999999999,0.602,3557.12652065
2017-10-08 23:19:00,0.6021,0.6021,0.6019,0.602,2840.93749973
2017-10-08 23:20:00,0.603,0.603,0.603,0.603,2242.01074153
2017-10-08 23:21:00,0.602,0.603,0.602,0.602,2462.1834134700002
2017-10-08 23:23:00,0.6029,0.6029,0.6028,0.6028,2040.0000000000002
2017-10-08 23:24:00,0.602,0.603,0.602,0.6028,2063.37271435
2017-10-08 23:25:00,0.603,0.604,0.603,0.604,748.9362396499998
2017-10-08 23:26:00,0.604,0.604,0.604,0.604,215.44220264
2017-10-08 23:27:00,0.604,0.60402,0.604,0.60402,1654.26563575
2017-10-08 23:28:00,0.605,0.605,0.6041,0.605,591.1880414
2017-10-08 23:29:00,0.605,0.605,0.605,0.605,322.18016482
2017-10-08 23:30:00,0.6053,0.6067600000000001,0.6051,0.6065,3832.91827665
2017-10-08 23:31:00,0.6067600000000001,0.607,0.6057600000000001,0.607,5000.0
2017-10-08 23:32:00,0.6069,0.60733,0.6069,0.607,4132.6842595299995
2017-10-08 23:34:00,0.60554,0.6068,0.60511,0.6068,334.62568600000003
2017-10-08 23:35:00,0.60572,0.60583,0.60572,0.60583,700.0
2017-10-08 23:36:00,0.60493,0.60493,0.60493,0.60493,6.0
2017-10-08 23:37:00,0.60372,0.60493,0.6032,0.60493,1500.0
2017-10-08 23:38:00,0.6061,0.6061,0.6061,0.6061,0.1
2017-10-08 23:40:00,0.60311,0.60311,0.60311,0.60311,41.92285728
2017-10-08 23:41:00,0.60252,0.60252,0.60234,0.60245,250.50800798
2017-10-08 23:42:00,0.605,0.605,0.602,0.6041,9534.187713830002
2017-10-08 23:43:00,0.60214,0.6047,0.60214,0.6047,1921.3221019999999
2017-10-08 23:46:00,0.60211,0.60241,0.60202,0.60202,210.934935
2017-10-08 23:48:00,0.6048,0.6048,0.6048,0.6048,500.0
2017-10-08 23:49:00,0.6047,0.6047,0.6047,0.6047,329.13169804
2017-10-08 23:50:00,0.6048,0.6048,0.6048,0.6048,37.80868495
2017-10-08 23:51:00,0.60252,0.6047,0.60252,0.6047,40.949005
2017-10-08 23:52:00,0.6027,0.6027,0.6027,0.6027,2934.13587699
2017-10-08 23:53:00,0.60334,0.60336,0.60332,0.60336,593.473211
2017-10-08 23:54:00,0.60469,0.60469,0.60469,0.60469,3.164608999999999
2017-10-08 23:55:00,0.60449,0.60449,0.60449,0.60449,34.46296881
2017-10-08 23:56:00,0.60312,0.60439,0.60312,0.60439,1000.01
